
[[424.80904162 434.74456109 444.5454237  454.0663639  463.18279094
  471.83018757 479.99778431 487.85208646 495.54878408 503.00464823
  510.23070423 517.0347713  523.7125589  529.96440908 535.70438902
  541.20223557 545.97782657 550.57417003 554.49464653 557.93853641
  561.09340199]
 [434.74456109 444.61902316 454.41947377 463.93864887 473.05102915
  481.69210238 489.85208646 497.54878408 505.00464823 512.23070423
  519.0347713  525.7125589  531.96440908 537.70438902 543.20223557
  547.97782657 552.57417003 556.49464653 560.17042452 563.39708147
  566.32471523]
 [444.61902316 454.41947377 463.97938853 473.49268452 482.59109347
  491.20910898 499.33957339 507.00464823 514.23070423 521.0347713
  527.7125589  533.96440908 539.70438902 545.20223557 549.97782657
  554.57417003 558.49464653 562.17042452 565.39708147 568.32471523
  571.06633653]
 [454.18032131 463.97938853 473.49268452 482.59109488 491.56901315
  500.14415361 508.21633976 515.81475346 522.97309818 529.71256005
  535.9644102  541.70438983 547.20223636 551.97782702 556.57417046
  560.49464696 564.17042472 567.39708167 570.32471542 573.06633671
  575.66194247]
 [463.19571963 472.9923229  482.49541387 491.56901388 500.14415432
  508.3781521  516.37086609 523.87230967 530.92529115 537.55846409
  543.70439032 549.20223685 553.97782738 558.57417083 562.49464732
  566.17042494 569.39708189 572.32471564 575.06633693 577.66194268
  580.11480006]
 [471.53213333 481.32551327 490.81590346 499.85847578 508.37815257
  516.37086655 523.87231012 531.21111048 538.1334219  544.62708317
  550.62940721 555.97782781 560.57417124 564.49464773 568.17042528
  571.39708222 574.32471596 577.06633725 579.661943   582.11480038
  584.38741262]
 [479.32551386 488.98122847 498.45558197 507.46250155 515.92034126
  523.82342648 531.21111091 538.13342232 544.70666432 551.04145354
  556.87383023 562.04397743 566.45212826 570.17042568 573.39708261
  576.32471635 579.06633763 581.66194336 584.11480074 586.38741298
  588.38461796]
 [486.98122903 496.45558253 505.50227849 514.46486528 522.85298349
  530.65998623 537.92675948 544.70666472 551.04145394 556.91470467
  562.56112733 567.5315216  571.72979501 575.22913777 578.22896828
  580.9258346  583.43950682 585.81710104 588.06638462 590.15320478
  591.98834216]
 [494.45558288 503.50227902 512.46486551 520.97115092 529.27555684
  536.97606579 544.11560323 550.74785851 556.91470505 562.5611277
  567.76434423 572.51713513 576.48294098 579.74117651 582.49735518
  584.95395619 587.23630886 589.39567018 591.44115043 593.33991774
  595.00841846]
 [501.50227936 510.46486584 518.97115114 527.27555717 535.27173423
  542.84738448 549.84649506 556.32294241 562.31489431 567.76434459
  572.51713548 577.01244308 580.72404262 583.71727274 586.20903349
  588.41187138 590.45763083 592.39965681 594.24395172 595.95399917
  597.44953077]
 [508.46486595 516.97115146 525.27555736 533.27173455 540.89630538
  548.31955024 555.15254848 561.4528318  567.25490435 572.49396923
  577.01244342 580.78224825 584.22159272 586.93258749 589.14558871
  591.08565439 592.89198916 594.61883903 596.26547466 597.78692928
  599.10371041]
 [514.97115156 523.27555746 531.27173474 538.89630568 546.31955053
  553.21493748 559.84318563 565.93066339 571.51237384 576.5174455
  580.78224857 584.22159304 586.9325878  589.15914137 591.08949862
  592.89198945 594.61883932 596.26547495 597.78692956 599.10371069
  599.77567922]
 [521.27555746 529.27173483 536.89630586 544.31955073 551.21493777
  557.84318591 563.93066367 569.54741558 574.86474982 579.60044783
  583.58690034 586.73878624 589.15914167 591.08949892 592.76596861
  594.33417509 595.84854274 597.30070927 598.6362016  599.77567949
  599.77567955]
 [527.27173483 534.89630596 542.3195508  549.21493796 555.8431861
  561.93066385 567.54741584 572.86475008 577.60044808 581.84232695
  585.52584766 588.37908492 590.50775912 592.15984668 593.57844368
  594.9132703  596.21842281 597.47951504 598.63536577 599.60810385
  599.60810391]
 [532.89630596 540.3195508  547.21493803 553.84318617 559.93066392
  565.54741602 570.86475025 575.60044825 579.8423272  583.58585265
  586.95432308 589.50783504 591.35178497 592.7361078  593.90690872
  595.01578945 596.11634444 597.19090018 598.17603727 598.9973912
  598.99739125]
 [537.9792395  545.21493803 551.84318617 557.93066392 563.54741608
  568.86475031 573.60044831 577.84232736 581.58585289 585.13459318
  588.1981894  590.46686675 592.04357454 593.17731045 594.11455835
  595.00753525 595.90983896 596.80357447 597.62735019 598.31209375
  598.3120938 ]
 [542.33008709 549.34121995 555.72011328 561.54741608 566.86475031
  571.60044831 575.84232742 579.58585304 583.14942829 586.62908616
  589.41928586 591.43284907 592.7699269  593.67730494 594.40001702
  595.09001956 595.80200464 596.52104511 597.19136411 597.75064002
  597.75064007]
 [546.04356289 552.79714556 558.8852976  564.40595814 569.41343528
  573.84232742 577.5858531  581.14942852 584.85841221 588.09201972
  590.65052752 592.44522007 593.57488874 594.42697472 594.96538137
  595.32895163 595.8511213  596.40299714 596.92699217 597.36885956
  597.36885961]
 [549.40102668 555.87268296 561.63945949 566.82009477 571.48686477
  575.5858531  579.14942867 582.93422607 586.46749686 589.50032862
  591.86580704 593.47493828 594.43772058 595.24117153 595.63644303
  595.85962967 596.05639224 596.43112762 596.8186025  597.1514573
  597.15145735]
 [552.59248893 558.77196731 564.20579901 569.03781481 573.36133201
  577.14942872 580.93422629 584.54098439 587.90500782 590.77575757
  592.98278908 594.43772081 595.24117176 595.91466251 596.19937959
  596.31496183 596.40495322 596.5482555  596.81702721 597.05482351
  597.05482356]
 [555.62367977 561.51896441 566.63389641 571.139773   575.14942872
  578.93422643 582.54098462 585.90500805 589.05842912 591.80527137
  593.89041841 595.22625204 595.91466286 596.38824528 596.59756483
  596.64048345 596.65917944 596.71086344 596.86485809 597.02881752
  597.03286612]]
[[ 0  0  0  0  0  0  0 -1 -1 -2 -2 -2 -3 -3 -4 -4 -5 -5 -5 -5 -5]
 [ 1  0  0  0  0  0  0  0 -1 -1 -1 -2 -2 -3 -3 -4 -4 -4 -5 -5 -5]
 [ 1  1  0  0  0  0  0  0  0  0 -1 -1 -2 -2 -3 -3 -3 -4 -4 -4 -4]
 [ 1  1  1  1  0  0  0  0  0  0  0 -1 -1 -2 -2 -2 -3 -3 -3 -3 -3]
 [ 1  1  1  1  1  0  0  0  0  0  0  0 -1 -1 -1 -2 -2 -2 -2 -2 -2]
 [ 1  1  1  1  1  1  1  0  0  0  0  0  0  0 -1 -1 -1 -1 -1 -1 -1]
 [ 2  1  1  1  1  1  1  1  0  0  0  0  0  0  0  0  0  0  0  0  0]
 [ 2  2  1  1  1  1  1  1  1  0  0  0  0  0  0  0  0  0  0  0  0]
 [ 3  2  2  1  1  1  1  1  1  1  0  0  0  0  0  0  0  0  0  0  0]
 [ 3  3  2  2  1  1  1  1  1  1  1  0  0  0  0  0  0  0  0  0  0]
 [ 4  3  3  2  1  1  1  1  1  1  1  0  0  0  0  0  0  0  0  0  0]
 [ 4  4  3  2  2  1  1  1  1  1  1  1  1  0  0  1  1  1  1  1  0]
 [ 5  4  3  3  2  2  2  1  1  1  1  1  1  1  1  1  1  1  1  1  1]
 [ 5  4  4  3  3  3  2  2  2  1  1  1  1  1  1  1  1  1  1  1  1]
 [ 5  5  4  4  4  3  3  3  2  1  1  1  1  1  1  1  1  1  1  1  1]
 [ 5  5  5  5  4  4  4  3  2  1  1  1  1  1  1  1  1  1  1  1  1]
 [ 5  5  5  5  5  5  4  3  1  1  1  1  1  1  1  1  1  1  1  1  1]
 [ 5  5  5  5  5  5  4  2  1  1  1  1  1  0  0  0  1  1  1  1  1]
 [ 5  5  5  5  5  5  3  1  1  1  1  1  0  0  0  0  0  1  1  1  1]
 [ 5  5  5  5  5  4  2  1  1  1  1  1  1  0  0  0  0  1  1  1  1]
 [ 5  5  5  5  5  3  2  2  1  1  1  1  1  0  0  0  0  0  1  1  0]]